ID,Class,ScoreTag,Agreement,Irony,Confidence,Subjectivity,Fear,Excited,Bored,Happy,Angry,Sad
1934,?,NONE,AGREEMENT,NONIRONIC,100,OBJECTIVE,0.1296890536,0.1228458727,0.3151959119,0.2709131228,0.080352757,0.0810032821
3916,?,NEU,DISAGREEMENT,NONIRONIC,86,SUBJECTIVE,0.1524927879,0.1069092805,0.0322896722,0.2409550782,0.2419074389,0.2254457424
4945,?,NONE,AGREEMENT,NONIRONIC,100,OBJECTIVE,0.1832685763,0.2818523708,0.054998489,0.1723381761,0.1823355459,0.1252068419
2639,?,P,DISAGREEMENT,NONIRONIC,94,SUBJECTIVE,0.2416786107,0.0187603251,0.0270816441,0.0186374168,0.3123791941,0.3814628092
4520,?,NONE,AGREEMENT,NONIRONIC,100,OBJECTIVE,0.1960636767,0.1163232705,0.0806245068,0.0425258137,0.260881767,0.3035809652
170,?,P,DISAGREEMENT,NONIRONIC,83,SUBJECTIVE,0.1936833989,0.2061253826,0.0440898784,0.1709302232,0.168971343,0.2161997739
1022,?,NONE,AGREEMENT,NONIRONIC,100,OBJECTIVE,0.2168409483,0.2906411178,0.1738836542,0.149982599,0.0866385225,0.0820131581
3340,?,P+,DISAGREEMENT,NONIRONIC,92,OBJECTIVE,0.2449302609,0.2733462723,0.0362645316,0.2060043763,0.1116696005,0.1277849583
5009,?,NONE,AGREEMENT,NONIRONIC,100,OBJECTIVE,0.1570458678,0.3603722932,0.088696511,0.1888830388,0.115279473,0.0897228162
4104,?,N,AGREEMENT,NONIRONIC,100,OBJECTIVE,0.1939553486,0.091209353,0.0402327893,0.0403917709,0.2027167649,0.4314939732
623,?,P,AGREEMENT,NONIRONIC,92,OBJECTIVE,0.2282027393,0.3314211928,0.0,0.2209065035,0.0939505852,0.1255189792
5035,?,N,AGREEMENT,NONIRONIC,100,OBJECTIVE,0.1661100615,0.1771001646,0.0,0.2225848878,0.3019546752,0.132250211
4034,?,P,DISAGREEMENT,NONIRONIC,94,SUBJECTIVE,0.0807066572,0.4468429595,0.0327317488,0.3080780591,0.0988882989,0.0327522765
2421,?,P,AGREEMENT,NONIRONIC,100,SUBJECTIVE,0.1124318411,0.1234228769,0.0896409673,0.067701045,0.4113918924,0.1954113773
3169,?,P,AGREEMENT,NONIRONIC,100,SUBJECTIVE,0.1115594237,0.3633226506,0.0509069022,0.2461599528,0.1355564954,0.0924945753
2706,?,NONE,AGREEMENT,NONIRONIC,100,OBJECTIVE,0.1689397405,0.1439546319,0.2245621175,0.0976004162,0.132033531,0.2329095629
755,?,P,AGREEMENT,NONIRONIC,100,SUBJECTIVE,0.0442683541,0.5430714612,0.0096421517,0.3053436122,0.0883397371,0.0093346836
435,?,P,DISAGREEMENT,NONIRONIC,86,SUBJECTIVE,0.0798785476,0.2820314861,0.0869345567,0.3532946663,0.1202873842,0.0775733591
4165,?,NONE,AGREEMENT,NONIRONIC,100,OBJECTIVE,0.103563259,0.552638849,0.0315272396,0.2023685916,0.0832579242,0.0266441366
4918,?,NEU,DISAGREEMENT,NONIRONIC,94,SUBJECTIVE,0.1212367481,0.2531851755,0.0146470569,0.3822999824,0.1285658612,0.1000651759
2730,?,NEU,DISAGREEMENT,NONIRONIC,94,SUBJECTIVE,0.1222648161,0.1895191066,0.0765564249,0.2816841045,0.1429763735,0.1869991745
3323,?,P,DISAGREEMENT,NONIRONIC,94,SUBJECTIVE,0.2062941986,0.1046006608,0.1391688946,0.1049138661,0.2843022355,0.1607201444
5120,?,P,DISAGREEMENT,IRONIC,76,SUBJECTIVE,0.1622698611,0.1207236103,0.1009701126,0.1275487456,0.2710592504,0.21742842
2382,?,P,AGREEMENT,NONIRONIC,100,SUBJECTIVE,0.11882331,0.3515131706,0.0344288428,0.3419061331,0.1126950377,0.0406335058
3356,?,P,DISAGREEMENT,NONIRONIC,91,SUBJECTIVE,0.1226910856,0.4207343445,0.033180169,0.2029237464,0.1515129731,0.0689576815
1119,?,NEU,DISAGREEMENT,IRONIC,84,SUBJECTIVE,0.157857468,0.2537290335,0.0348936406,0.3110156442,0.1512578282,0.0912463855
149,?,P,AGREEMENT,NONIRONIC,100,SUBJECTIVE,0.1395110939,0.3354739543,0.0217149593,0.3706314498,0.0760946917,0.056573851
4935,?,P,AGREEMENT,NONIRONIC,100,OBJECTIVE,0.1394563563,0.1598909721,0.0912682895,0.1271475763,0.3202922091,0.1619445967
935,?,NEU,DISAGREEMENT,NONIRONIC,94,SUBJECTIVE,0.2104209541,0.1278787722,0.0536072478,0.1493404081,0.2897082101,0.1690444077
1512,?,P,AGREEMENT,NONIRONIC,100,SUBJECTIVE,0.277599746,0.1046327173,0.0498714825,0.0505103579,0.2461508612,0.271234835
1572,?,P,DISAGREEMENT,NONIRONIC,86,SUBJECTIVE,0.1570249194,0.3611179573,0.0246796165,0.183295993,0.1938955764,0.0799859373
3268,?,P,DISAGREEMENT,NONIRONIC,91,SUBJECTIVE,0.1475263541,0.2868858938,0.0444402645,0.3198035699,0.1130538746,0.088290043
3149,?,NEU,DISAGREEMENT,NONIRONIC,94,SUBJECTIVE,0.2888890738,0.2349703369,0.043456712,0.2355087508,0.082964078,0.1142110484
1207,?,P,AGREEMENT,NONIRONIC,100,SUBJECTIVE,0.1169229079,0.0701422914,0.0204058884,0.0744587701,0.4932819655,0.2247881767
1501,?,P,DISAGREEMENT,NONIRONIC,94,SUBJECTIVE,0.1678873137,0.2002171664,0.110670822,0.1221774331,0.2785915745,0.1204556903
1360,?,P+,AGREEMENT,NONIRONIC,100,SUBJECTIVE,0.1884408047,0.4350271374,0.0175405574,0.2619883572,0.0632416945,0.0337614488
1150,?,NONE,AGREEMENT,NONIRONIC,100,OBJECTIVE,0.1488028205,0.037688729,0.2806608204,0.0279506555,0.3347515646,0.17014541
1595,?,NONE,AGREEMENT,NONIRONIC,100,OBJECTIVE,0.0640680905,0.3839456586,0.0776614835,0.3398835898,0.0863612378,0.0480799398
461,?,NEU,DISAGREEMENT,NONIRONIC,86,SUBJECTIVE,0.1983179896,0.1062453475,0.0624108678,0.1660065781,0.197561317,0.2694579001
5160,?,N,AGREEMENT,NONIRONIC,100,OBJECTIVE,0.2073673918,0.2657673003,0.0,0.2187874656,0.1548536683,0.153224174
3325,?,P,DISAGREEMENT,NONIRONIC,94,SUBJECTIVE,0.1479717096,0.5317735935,0.020753943,0.1709335149,0.0873004815,0.0412667574
4079,?,NEU,DISAGREEMENT,NONIRONIC,86,SUBJECTIVE,0.2215332057,0.1430318457,0.0835871598,0.1318038865,0.2023273633,0.2177165391
4574,?,P,DISAGREEMENT,NONIRONIC,92,SUBJECTIVE,0.1027646072,0.4142451097,0.0529792656,0.2795632285,0.0973134415,0.0531343475
4382,?,NONE,AGREEMENT,NONIRONIC,100,OBJECTIVE,0.1529633526,0.0477908248,0.0321433681,0.0659088083,0.3153969073,0.3857967389
1084,?,P,AGREEMENT,NONIRONIC,97,SUBJECTIVE,0.1346366357,0.3306068649,0.0,0.2779603031,0.1711129606,0.0856832357
5029,?,NONE,AGREEMENT,NONIRONIC,100,OBJECTIVE,0.2052450516,0.1477611814,0.0489197442,0.2855673782,0.0825751773,0.2299314674
1212,?,P,AGREEMENT,NONIRONIC,100,SUBJECTIVE,0.1790436572,0.4086044384,0.0118992908,0.22265893,0.1006301488,0.0771635348
4293,?,NEU,DISAGREEMENT,NONIRONIC,91,SUBJECTIVE,0.1764332519,0.2387124673,0.1204830008,0.1677908145,0.1779615464,0.1186189191
3958,?,P,DISAGREEMENT,NONIRONIC,91,SUBJECTIVE,0.1018710065,0.4594017083,0.0339453798,0.2491092468,0.1286226442,0.0270500144
2737,?,P,AGREEMENT,NONIRONIC,100,SUBJECTIVE,0.1829552904,0.2688121754,0.0,0.2383505035,0.154509145,0.1553728857
4303,?,NONE,AGREEMENT,NONIRONIC,100,OBJECTIVE,0.0861768818,0.434364814,0.0281493575,0.3414003828,0.0655119968,0.0443965671
158,?,NEU,DISAGREEMENT,NONIRONIC,86,SUBJECTIVE,0.1290576903,0.3913024599,0.0524911319,0.2485080179,0.1265022295,0.0521384706
221,?,NONE,AGREEMENT,NONIRONIC,100,OBJECTIVE,0.2113068577,0.1359623594,0.0351108516,0.2887231112,0.0778894691,0.251007351
3389,?,NEU,DISAGREEMENT,NONIRONIC,94,SUBJECTIVE,0.2180938466,0.1826220468,0.0424040231,0.1906443346,0.2152382584,0.1509974905
3962,?,P,DISAGREEMENT,NONIRONIC,86,SUBJECTIVE,0.2058345099,0.1012516228,0.0281031538,0.1101970759,0.2684799114,0.2861337262
3997,?,N,DISAGREEMENT,NONIRONIC,94,SUBJECTIVE,0.1258615495,0.1688190367,0.1415686273,0.1232955957,0.1473847096,0.2930704812
661,?,NEU,DISAGREEMENT,NONIRONIC,86,OBJECTIVE,0.0976737488,0.2951704671,0.1746643551,0.2179021086,0.1624227238,0.0521665965
3619,?,P+,AGREEMENT,NONIRONIC,100,OBJECTIVE,0.1661022298,0.1801433108,0.0476651971,0.1735353102,0.2418099213,0.190744031
5142,?,P,AGREEMENT,NONIRONIC,100,OBJECTIVE,0.1709677808,0.2497729792,0.0666093028,0.2588422823,0.1678000829,0.086007572
2922,?,P,AGREEMENT,NONIRONIC,98,SUBJECTIVE,0.1667208785,0.2324772898,0.0146948381,0.2978586672,0.2067672479,0.0814810785
1374,?,P,DISAGREEMENT,NONIRONIC,94,SUBJECTIVE,0.1138510473,0.0783708799,0.0427473194,0.097428414,0.4544781902,0.2131241492
1899,?,P,DISAGREEMENT,NONIRONIC,94,SUBJECTIVE,0.1307223729,0.2432600892,0.0,0.206142528,0.2552870247,0.1645879852
4902,?,N+,AGREEMENT,NONIRONIC,100,OBJECTIVE,0.1751307177,0.1430044309,0.0515175335,0.0572105077,0.3476868324,0.2254499778
3486,?,P,DISAGREEMENT,NONIRONIC,94,SUBJECTIVE,0.0679566561,0.1210426054,0.0158650302,0.433126084,0.2935628367,0.0684467876
2161,?,NONE,AGREEMENT,NONIRONIC,100,OBJECTIVE,0.1355163348,0.2994225842,0.0370897344,0.2774323158,0.1190834504,0.1314555805
4521,?,P,DISAGREEMENT,NONIRONIC,86,SUBJECTIVE,0.1665925983,0.3119511239,0.0303322707,0.271780316,0.1287358468,0.0906078442
375,?,NONE,AGREEMENT,NONIRONIC,100,OBJECTIVE,0.1192746362,0.1724261336,0.0318212356,0.3437643207,0.2260966099,0.106617064
2015,?,NONE,AGREEMENT,NONIRONIC,100,OBJECTIVE,0.1163418497,0.3732958965,0.0402043993,0.2832314758,0.1158859266,0.0710404521
2085,?,P,AGREEMENT,NONIRONIC,100,SUBJECTIVE,0.1285504205,0.3682019804,0.0302285054,0.3142458051,0.1048998447,0.0538734439
834,?,P,AGREEMENT,NONIRONIC,100,OBJECTIVE,0.0829936222,0.4492636152,0.0439103556,0.2894386519,0.1033915292,0.0310022258
3955,?,P,DISAGREEMENT,NONIRONIC,83,SUBJECTIVE,0.2347295923,0.153054342,0.0225855047,0.1102036614,0.2756564526,0.2037704469
1314,?,P,DISAGREEMENT,NONIRONIC,94,SUBJECTIVE,0.1044203383,0.4024614553,0.0943151355,0.228577745,0.0989596278,0.0712656981
183,?,?,?,?,?,?,0.1682778383,0.1730042145,0.1609563888,0.167991812,0.1642816755,0.1654880708
3027,?,P,AGREEMENT,NONIRONIC,100,SUBJECTIVE,0.1094068074,0.3168771644,0.0928170895,0.1216117787,0.2360294401,0.1232577198
1613,?,P,DISAGREEMENT,NONIRONIC,91,SUBJECTIVE,0.1416514901,0.1283648501,0.0584158158,0.09383195,0.3782965034,0.1994393906
1521,?,P,AGREEMENT,NONIRONIC,97,SUBJECTIVE,0.2596229291,0.2190820956,0.0377778989,0.0979825265,0.140990365,0.2445441848
3765,?,P,DISAGREEMENT,NONIRONIC,94,SUBJECTIVE,0.2430542571,0.0905569045,0.0420746568,0.0782274463,0.209139439,0.3369472962
4979,?,P,DISAGREEMENT,NONIRONIC,94,SUBJECTIVE,0.1041179154,0.3351545345,0.1207680484,0.1466963003,0.2295792396,0.0636839618
4739,?,P,AGREEMENT,NONIRONIC,100,SUBJECTIVE,0.0938586682,0.4251472827,0.0296644043,0.3317581232,0.0938857135,0.0256858082
2911,?,NONE,AGREEMENT,NONIRONIC,100,OBJECTIVE,0.1167085497,0.2968884519,0.0398974473,0.3023787806,0.1254473911,0.1186793794
2372,?,NEU,DISAGREEMENT,NONIRONIC,92,SUBJECTIVE,0.1537602723,0.451948736,0.0212551765,0.1467433953,0.1252351708,0.1010572492
3896,?,P,DISAGREEMENT,NONIRONIC,86,SUBJECTIVE,0.0987346734,0.2679494803,0.0677052256,0.2722110627,0.1732476652,0.1201518928
3215,?,NEU,DISAGREEMENT,NONIRONIC,91,SUBJECTIVE,0.1705552972,0.1530317352,0.0687036427,0.1140337957,0.3704515107,0.1232240185
4023,?,P,DISAGREEMENT,NONIRONIC,94,SUBJECTIVE,0.0950508489,0.4663554003,0.0236789487,0.3243805397,0.0558201099,0.0347141525
415,?,P,DISAGREEMENT,NONIRONIC,94,SUBJECTIVE,0.145721793,0.3288841513,0.0407731734,0.2750502275,0.1349901911,0.0745804637
2873,?,P,DISAGREEMENT,NONIRONIC,94,SUBJECTIVE,0.2068333125,0.195434977,0.0567947332,0.1986239181,0.1092466467,0.2330664126
5135,?,NONE,AGREEMENT,NONIRONIC,100,OBJECTIVE,0.1617094262,0.1299644147,0.0933349819,0.0895165457,0.2994995799,0.2259750517
3879,?,NONE,AGREEMENT,NONIRONIC,100,OBJECTIVE,0.1210891522,0.3340963567,0.046441779,0.2713509435,0.1456867982,0.0813349702
4398,?,NONE,AGREEMENT,NONIRONIC,100,OBJECTIVE,0.1931332052,0.1968248141,0.0327838607,0.2421287373,0.0955703436,0.239559039
4237,?,P,DISAGREEMENT,NONIRONIC,83,SUBJECTIVE,0.1292204941,0.3709555557,0.0206831451,0.1886014588,0.2330704458,0.0574689006
402,?,P,AGREEMENT,NONIRONIC,100,SUBJECTIVE,0.1573189387,0.2690531729,0.1049628025,0.1768326423,0.1960277007,0.0958047428
2504,?,NEU,DISAGREEMENT,NONIRONIC,94,SUBJECTIVE,0.1853996489,0.235363323,0.0555697905,0.3135317196,0.0982526905,0.1118828274
2910,?,P,AGREEMENT,NONIRONIC,100,OBJECTIVE,0.2110677957,0.1882967707,0.0209391869,0.1394593406,0.2424400545,0.1977968517
2198,?,NONE,AGREEMENT,NONIRONIC,100,OBJECTIVE,0.2168888284,0.3587468142,0.0,0.2023260666,0.1364577242,0.0855805667
4625,?,P,DISAGREEMENT,NONIRONIC,94,OBJECTIVE,0.1451762598,0.2160933141,0.0526365773,0.1050088271,0.2832135577,0.197871464
3811,?,P,AGREEMENT,NONIRONIC,100,SUBJECTIVE,0.1532157311,0.1811087507,0.0595483947,0.2000837471,0.2495348469,0.1565085296
828,?,P,AGREEMENT,NONIRONIC,100,SUBJECTIVE,0.1971777396,0.1870507402,0.0266863735,0.2391634237,0.197092543,0.1528291801
271,?,P,AGREEMENT,NONIRONIC,100,SUBJECTIVE,0.2040262878,0.2534024864,0.0668410498,0.2119633974,0.1328323622,0.1309344164
4854,?,N,AGREEMENT,NONIRONIC,100,OBJECTIVE,0.102435702,0.1645473395,0.0433834374,0.1381686616,0.4617991973,0.0896656622
984,?,P,AGREEMENT,NONIRONIC,100,SUBJECTIVE,0.1862193818,0.2230694174,0.0548442766,0.203753699,0.2134309107,0.1186823144
4887,?,P,AGREEMENT,NONIRONIC,100,SUBJECTIVE,0.2189450087,0.2335696099,0.074862991,0.1614367401,0.1423414483,0.168844202
4376,?,P,AGREEMENT,NONIRONIC,100,SUBJECTIVE,0.1691410077,0.2745422105,0.0611684571,0.2636844111,0.1401516845,0.0913122292
998,?,P,AGREEMENT,NONIRONIC,100,SUBJECTIVE,0.1285844866,0.2268504303,0.0473965725,0.289147202,0.1961837804,0.1118375281
5049,?,P,AGREEMENT,NONIRONIC,100,SUBJECTIVE,0.1277524188,0.3216939225,0.0241333953,0.3694805622,0.1004952612,0.0564444401
7,?,P,DISAGREEMENT,NONIRONIC,86,SUBJECTIVE,0.2042204297,0.2249808076,0.0325935568,0.1966659546,0.2069022913,0.13463696
1872,?,NONE,AGREEMENT,NONIRONIC,100,OBJECTIVE,0.1846919982,0.1704273193,0.0283171431,0.1525851777,0.3035176725,0.1604606891
2054,?,N,DISAGREEMENT,NONIRONIC,86,SUBJECTIVE,0.2193889268,0.3181435316,0.0,0.1505789405,0.1613914184,0.1504971826
1918,?,P,AGREEMENT,NONIRONIC,100,SUBJECTIVE,0.1523694447,0.2383741437,0.0446461436,0.1716370673,0.3181505987,0.074822602
2394,?,N,DISAGREEMENT,NONIRONIC,94,SUBJECTIVE,0.176145467,0.1159739667,0.0628322745,0.1281397739,0.3543712393,0.1625372786
2472,?,P,AGREEMENT,NONIRONIC,92,OBJECTIVE,0.2216214761,0.2187067761,0.0222416198,0.0865323968,0.367117221,0.0837805102
123,?,P,DISAGREEMENT,NONIRONIC,86,SUBJECTIVE,0.2059744471,0.1909565361,0.0549008374,0.1525427919,0.221084078,0.1745413094
1160,?,P,DISAGREEMENT,NONIRONIC,83,SUBJECTIVE,0.0802307092,0.4462333154,0.0325040948,0.3136399951,0.0726108754,0.0547810101
4180,?,P,DISAGREEMENT,NONIRONIC,92,SUBJECTIVE,0.085651396,0.6408354911,0.0102589268,0.1776380369,0.080393123,0.0052230261
196,?,NEU,DISAGREEMENT,NONIRONIC,91,SUBJECTIVE,0.1790396823,0.1482198796,0.0,0.3321538513,0.1247516541,0.2158349328
2240,?,P,AGREEMENT,NONIRONIC,100,SUBJECTIVE,0.2007606645,0.1562945247,0.0496754923,0.2780111965,0.152314496,0.162943626
4404,?,NONE,AGREEMENT,NONIRONIC,100,OBJECTIVE,0.1925827783,0.0611061547,0.1376751818,0.0606754208,0.2006735061,0.3472869583
1561,?,P,AGREEMENT,NONIRONIC,100,SUBJECTIVE,0.118373681,0.1530283996,0.0257494511,0.3451052695,0.2898274308,0.0679157681
4373,?,P,DISAGREEMENT,NONIRONIC,94,SUBJECTIVE,0.1977922612,0.0699902342,0.0814788493,0.0767503052,0.3667896685,0.2071986816
1225,?,P,DISAGREEMENT,NONIRONIC,91,OBJECTIVE,0.2532662615,0.2491538494,0.0228150451,0.1468542195,0.1244027589,0.2035078656
4960,?,P,DISAGREEMENT,NONIRONIC,91,SUBJECTIVE,0.0570900218,0.4932381306,0.0187936191,0.2649434065,0.1459625218,0.0199723002
4,?,P,DISAGREEMENT,NONIRONIC,94,SUBJECTIVE,0.1440552621,0.3653173182,0.0,0.3177256503,0.1129706577,0.0599311117
1028,?,N,DISAGREEMENT,NONIRONIC,94,SUBJECTIVE,0.182302048,0.1593153745,0.0346564407,0.2488022422,0.1783015397,0.1966223549
261,?,NONE,AGREEMENT,NONIRONIC,100,OBJECTIVE,0.1752417626,0.0802028646,0.1638174355,0.0572384353,0.3879743733,0.1355251287
719,?,P,DISAGREEMENT,NONIRONIC,86,SUBJECTIVE,0.142195969,0.2946776213,0.0277040663,0.2685694492,0.1761367979,0.0907160962
419,?,NEU,DISAGREEMENT,NONIRONIC,94,SUBJECTIVE,0.1697169276,0.2411589031,0.1004083107,0.2023404791,0.1523106517,0.1340647278
578,?,N,DISAGREEMENT,NONIRONIC,94,SUBJECTIVE,0.1005158381,0.4006514054,0.0,0.1345208247,0.3206702411,0.0436416907
4419,?,NEU,DISAGREEMENT,IRONIC,81,SUBJECTIVE,0.2633022163,0.2758285688,0.0436721469,0.1589839229,0.1705975968,0.0876155483
4504,?,NEU,DISAGREEMENT,NONIRONIC,94,SUBJECTIVE,0.1369889008,0.091996662,0.0662789583,0.1040788266,0.4260698471,0.1745868052
1802,?,P,AGREEMENT,NONIRONIC,100,SUBJECTIVE,0.1072211628,0.3253160695,0.02238279,0.2615296651,0.2219162229,0.0616340897
1081,?,NONE,AGREEMENT,NONIRONIC,100,OBJECTIVE,0.202661472,0.1427733784,0.0411654824,0.271060649,0.0824939494,0.2598450689
2261,?,P,DISAGREEMENT,NONIRONIC,91,SUBJECTIVE,0.1315001604,0.1814513734,0.0300131588,0.3695954304,0.1689856606,0.1184542163
2447,?,P,DISAGREEMENT,NONIRONIC,86,SUBJECTIVE,0.0908875198,0.4840008148,0.153920181,0.1762352546,0.0561113219,0.0388449077
4166,?,NONE,AGREEMENT,NONIRONIC,100,OBJECTIVE,0.2052450516,0.1477611814,0.0489197442,0.2855673782,0.0825751773,0.2299314674
4390,?,P,DISAGREEMENT,NONIRONIC,86,SUBJECTIVE,0.0560273715,0.4906469661,0.0133834566,0.3958694461,0.0346205098,0.0094522499
904,?,P,DISAGREEMENT,NONIRONIC,92,SUBJECTIVE,0.0619811155,0.5578712481,0.0432653144,0.1141238498,0.1693425602,0.053415912
2138,?,NONE,AGREEMENT,NONIRONIC,100,OBJECTIVE,0.1285982623,0.2552164243,0.0,0.2585955659,0.2156786859,0.1419110617
21,?,P,AGREEMENT,NONIRONIC,98,SUBJECTIVE,0.1511400051,0.3068199332,0.1045240142,0.1654274369,0.1555500114,0.1165385993
894,?,P,DISAGREEMENT,NONIRONIC,94,OBJECTIVE,0.1493385474,0.294062361,0.0741966618,0.1724420021,0.1780554801,0.1319049475
941,?,P,AGREEMENT,NONIRONIC,100,SUBJECTIVE,0.1903114106,0.0837713063,0.0510262777,0.131477663,0.3144780173,0.2289353252
2878,?,P,AGREEMENT,NONIRONIC,97,SUBJECTIVE,0.1538205381,0.1366622904,0.1315661552,0.0616197924,0.2782864615,0.2380447623
2013,?,P,DISAGREEMENT,NONIRONIC,86,SUBJECTIVE,0.1728547791,0.2141870311,0.034656491,0.1977489771,0.2667874954,0.1137652263
4275,?,P,DISAGREEMENT,NONIRONIC,94,SUBJECTIVE,0.2017993132,0.319739449,0.0,0.2217051064,0.1861696585,0.0705864729
45,?,P,AGREEMENT,NONIRONIC,98,SUBJECTIVE,0.2071468328,0.1163688146,0.050015824,0.0908581046,0.2680647862,0.2675456378
307,?,P,DISAGREEMENT,IRONIC,76,SUBJECTIVE,0.1394159411,0.2546131844,0.0731135127,0.1672594039,0.2599533281,0.1056446297
776,?,NEU,DISAGREEMENT,IRONIC,81,SUBJECTIVE,0.2052587778,0.1780589161,0.0529689518,0.1114763502,0.2732810541,0.1789559499
2863,?,NONE,AGREEMENT,NONIRONIC,100,OBJECTIVE,0.1646762061,0.4787301387,0.0388840771,0.1845468695,0.0912584677,0.0419042408
2533,?,NONE,AGREEMENT,NONIRONIC,100,OBJECTIVE,0.1144527727,0.5869095565,0.0146207841,0.1918795566,0.0770788956,0.0150584344
1526,?,N,AGREEMENT,NONIRONIC,100,OBJECTIVE,0.0733418857,0.0080901191,0.7456623382,0.0100371045,0.0320179235,0.1308506291
5154,?,N,DISAGREEMENT,NONIRONIC,86,SUBJECTIVE,0.1066309648,0.508371789,0.0137745752,0.2753130413,0.0826495146,0.013260115
352,?,NONE,AGREEMENT,NONIRONIC,100,OBJECTIVE,0.0971253807,0.5975989405,0.0172025401,0.2052634171,0.0699138051,0.0128959164
3503,?,NONE,AGREEMENT,NONIRONIC,100,OBJECTIVE,0.1692213412,0.159775215,0.1395207474,0.1146241299,0.2313130613,0.1855455052
443,?,N,AGREEMENT,NONIRONIC,92,OBJECTIVE,0.1947117794,0.2223078552,0.0483648178,0.1532748683,0.2273943261,0.1539463533
428,?,P,AGREEMENT,NONIRONIC,100,OBJECTIVE,0.0732201046,0.4551597904,0.0199205565,0.3151209723,0.0905484678,0.0460301083
874,?,P,DISAGREEMENT,NONIRONIC,94,SUBJECTIVE,0.4117116413,0.1446369717,0.0163481986,0.1203507293,0.0802308844,0.2267215747
2164,?,N,DISAGREEMENT,NONIRONIC,94,SUBJECTIVE,0.2773594462,0.1565731969,0.0440262863,0.1382581175,0.1199269309,0.2638560222
612,?,N,AGREEMENT,NONIRONIC,100,SUBJECTIVE,0.0770755043,0.4109003367,0.0226145154,0.3552495379,0.0985904184,0.0355696873
1897,?,NEU,DISAGREEMENT,NONIRONIC,94,SUBJECTIVE,0.2063167918,0.2469565599,0.0979752102,0.1024047278,0.210525622,0.1358210883
218,?,P,AGREEMENT,NONIRONIC,100,SUBJECTIVE,0.1305197329,0.3451212914,0.0411411722,0.3095321047,0.0834754443,0.0902102544
1397,?,P,AGREEMENT,NONIRONIC,100,OBJECTIVE,0.1553784559,0.0623007293,0.0678794569,0.0583648562,0.4803677843,0.1757087174
2029,?,NEU,DISAGREEMENT,NONIRONIC,94,OBJECTIVE,0.0904381493,0.3933807905,0.0635548793,0.2230163822,0.209542258,0.0200675407
1176,?,N,AGREEMENT,NONIRONIC,100,OBJECTIVE,0.1681419209,0.347083588,0.0349491761,0.1499462127,0.22275502,0.0771240823
2659,?,P,DISAGREEMENT,NONIRONIC,86,SUBJECTIVE,0.1252388081,0.2719132763,0.0,0.3484270748,0.184400192,0.0700206488
4160,?,P,DISAGREEMENT,NONIRONIC,86,SUBJECTIVE,0.1388070826,0.0742460523,0.0803778722,0.0661043086,0.4810121328,0.1594525514
3739,?,P,AGREEMENT,NONIRONIC,97,OBJECTIVE,0.1574419723,0.1171755101,0.0533684105,0.1423775783,0.3310361792,0.1986003496
3566,?,N,AGREEMENT,NONIRONIC,100,SUBJECTIVE,0.1288814074,0.3239842327,0.0,0.3092454502,0.1540707069,0.0838182028
1912,?,NONE,AGREEMENT,NONIRONIC,100,OBJECTIVE,0.1791891691,0.1754996741,0.0539503917,0.2514975957,0.0994446401,0.2404185294
4990,?,P,AGREEMENT,NONIRONIC,100,SUBJECTIVE,0.1948165471,0.0637827952,0.0756175973,0.1580893861,0.2148061996,0.2928874747
2750,?,P,AGREEMENT,NONIRONIC,100,SUBJECTIVE,0.2027383032,0.0889326587,0.0537158509,0.1604405956,0.2643475142,0.2298250774
3417,?,P,AGREEMENT,NONIRONIC,100,SUBJECTIVE,0.1602948657,0.2189490529,0.0404045483,0.1867360564,0.2710411576,0.1225743191
1844,?,P,DISAGREEMENT,NONIRONIC,94,SUBJECTIVE,0.1616979945,0.4109675929,0.0552676294,0.2172295187,0.1097420367,0.0450952277
2066,?,P,DISAGREEMENT,NONIRONIC,94,OBJECTIVE,0.1044650413,0.4772676946,0.0105908395,0.3214621894,0.0710655536,0.0151486816
3973,?,P,AGREEMENT,NONIRONIC,100,OBJECTIVE,0.1596708127,0.2077173337,0.0485361191,0.1724672657,0.2721176761,0.1394907927
3464,?,N,AGREEMENT,NONIRONIC,100,SUBJECTIVE,0.1625563461,0.0969299466,0.0678395658,0.0707956561,0.2911037564,0.3107747291
4862,?,P,DISAGREEMENT,NONIRONIC,94,SUBJECTIVE,0.093310897,0.4300423597,0.0121348405,0.3320027006,0.1035672202,0.0289419821
367,?,N,AGREEMENT,NONIRONIC,100,OBJECTIVE,0.135609783,0.386961545,0.0,0.3338125657,0.0900542147,0.0535618917
3887,?,P,AGREEMENT,NONIRONIC,100,SUBJECTIVE,0.1664523345,0.3156894936,0.0077817569,0.449819073,0.0312657043,0.0289916376
3699,?,P,AGREEMENT,NONIRONIC,100,OBJECTIVE,0.2241341338,0.118712042,0.0873333307,0.0958228491,0.2818277193,0.1921699251
3242,?,P,AGREEMENT,NONIRONIC,100,OBJECTIVE,0.1385588021,0.3422113652,0.1303339711,0.2072228631,0.1064126494,0.0752603491
459,?,N,DISAGREEMENT,NONIRONIC,86,OBJECTIVE,0.2712511524,0.1127133562,0.0395473003,0.0945941316,0.2307834916,0.2511105679
2619,?,P,AGREEMENT,NONIRONIC,97,SUBJECTIVE,0.1948071834,0.1519514159,0.1876921788,0.0842312819,0.191943209,0.189374731
5104,?,P,AGREEMENT,NONIRONIC,100,OBJECTIVE,0.1474590913,0.2919892422,0.0324736023,0.2250726615,0.1868031817,0.1162022211
4562,?,P,DISAGREEMENT,NONIRONIC,94,SUBJECTIVE,0.0772978687,0.2523291638,0.1207072074,0.4221676715,0.0899893801,0.0375087086
2786,?,P,DISAGREEMENT,NONIRONIC,94,SUBJECTIVE,0.176427734,0.3320223336,0.0146845806,0.3407696129,0.0620682684,0.0740274706
177,?,P,DISAGREEMENT,NONIRONIC,94,SUBJECTIVE,0.1553283059,0.1741743823,0.0957456719,0.1811777909,0.1980249966,0.1955488524
1858,?,P,AGREEMENT,NONIRONIC,100,SUBJECTIVE,0.1815936376,0.3365836557,0.0503850891,0.2928633514,0.0747673179,0.0638069483
1701,?,P,AGREEMENT,NONIRONIC,100,SUBJECTIVE,0.1568887032,0.2349351208,0.0790671098,0.2257681616,0.2134198881,0.0899210165
2286,?,P+,AGREEMENT,NONIRONIC,100,OBJECTIVE,0.1466712158,0.3226931006,0.0332254903,0.288464259,0.1089029106,0.1000430239
4895,?,P,DISAGREEMENT,NONIRONIC,94,SUBJECTIVE,0.2184809307,0.1732027814,0.0842992177,0.170286527,0.1844130097,0.1693175335
2208,?,P,AGREEMENT,NONIRONIC,100,OBJECTIVE,0.1246540365,0.2627418988,0.1947108687,0.1284009472,0.2037421296,0.0857501191
2370,?,P,AGREEMENT,NONIRONIC,100,SUBJECTIVE,0.2006461828,0.2784866675,0.0625748258,0.2317886833,0.0973094211,0.1291942194
2958,?,NONE,AGREEMENT,NONIRONIC,100,OBJECTIVE,0.1778301596,0.1945303416,0.069913554,0.2232753232,0.0823751884,0.2520754332
3,?,P,DISAGREEMENT,NONIRONIC,86,SUBJECTIVE,0.0793999909,0.3563921837,0.0312272214,0.4559131506,0.0472819535,0.0297854999
914,?,P,DISAGREEMENT,IRONIC,76,SUBJECTIVE,0.0765111188,0.3419430807,0.0108934305,0.5163134455,0.0333191767,0.0210197478
3587,?,P,DISAGREEMENT,NONIRONIC,91,OBJECTIVE,0.2008410883,0.3422903143,0.0616974371,0.2173681911,0.0988361396,0.0789668297
3751,?,P,AGREEMENT,NONIRONIC,100,SUBJECTIVE,0.1906477724,0.190303354,0.042656893,0.3525404366,0.0862044458,0.1376470981
4047,?,P,DISAGREEMENT,NONIRONIC,94,SUBJECTIVE,0.1444943968,0.1753194324,0.0568842109,0.2052913978,0.2690037112,0.149006851
3298,?,P,AGREEMENT,NONIRONIC,92,SUBJECTIVE,0.3276370176,0.0955293604,0.0215478951,0.0762729359,0.2008663554,0.2781464356
3616,?,P+,AGREEMENT,NONIRONIC,100,SUBJECTIVE,0.1131355501,0.1958692681,0.0,0.5004562362,0.0265537171,0.1639852285
1476,?,P,DISAGREEMENT,NONIRONIC,91,SUBJECTIVE,0.1418276802,0.3653959133,0.0664461478,0.1918168736,0.1482551978,0.0862581873
1305,?,P,DISAGREEMENT,NONIRONIC,91,SUBJECTIVE,0.2437302598,0.1280688545,0.0380583294,0.1289474709,0.2538865079,0.2073085775
181,?,NONE,AGREEMENT,NONIRONIC,100,OBJECTIVE,0.3746646332,0.1820096088,0.0941540521,0.1125343653,0.0569214451,0.1797158955
4604,?,NEU,DISAGREEMENT,NONIRONIC,94,SUBJECTIVE,0.2198877608,0.0942817127,0.0284862957,0.20483099,0.1049165202,0.3475967206
3105,?,N,AGREEMENT,NONIRONIC,100,OBJECTIVE,0.0933448024,0.1929590144,0.5241046295,0.0748726252,0.064847463,0.0498714655
41,?,P,AGREEMENT,NONIRONIC,97,SUBJECTIVE,0.1254661583,0.1867875923,0.1152234315,0.1693032631,0.232547827,0.1706717278
2190,?,NONE,AGREEMENT,NONIRONIC,100,OBJECTIVE,0.1230918927,0.2238937214,0.0429718197,0.1244085625,0.3796874552,0.1059465485
1014,?,P,AGREEMENT,NONIRONIC,100,SUBJECTIVE,0.1860797635,0.1370646421,0.1315650496,0.093179744,0.2262549932,0.2258558075
1238,?,N,DISAGREEMENT,NONIRONIC,94,SUBJECTIVE,0.1074531083,0.305637886,0.0400468725,0.3017644739,0.1518032531,0.0932944062
875,?,NONE,AGREEMENT,NONIRONIC,100,OBJECTIVE,0.1319515292,0.2723137193,0.0429234382,0.2608011705,0.1695295858,0.122480557
2194,?,NONE,AGREEMENT,NONIRONIC,100,OBJECTIVE,0.1867542587,0.1909914139,0.0314279245,0.2317760801,0.111539243,0.2475110798
767,?,P,AGREEMENT,NONIRONIC,100,SUBJECTIVE,0.1568497992,0.2523532707,0.1090746193,0.2229293827,0.1695104598,0.0892824683
2213,?,P,AGREEMENT,NONIRONIC,100,OBJECTIVE,0.1549653193,0.3074693444,0.0,0.4245416453,0.0473451469,0.065678544
4951,?,N,AGREEMENT,NONIRONIC,100,SUBJECTIVE,0.167290744,0.1459044123,0.0712965066,0.1524445319,0.2312877675,0.2317760377
878,?,NONE,AGREEMENT,NONIRONIC,100,OBJECTIVE,0.2017790198,0.1354460185,0.04353937,0.2791964159,0.0799929869,0.2600461889
734,?,P,AGREEMENT,NONIRONIC,100,OBJECTIVE,0.1634442802,0.3401083403,0.0208776541,0.3226243257,0.0941252537,0.058820146
1645,?,P,DISAGREEMENT,IRONIC,82,SUBJECTIVE,0.0899466275,0.337063028,0.0829469529,0.2850823389,0.1229507093,0.0820103434
3828,?,P,DISAGREEMENT,NONIRONIC,86,SUBJECTIVE,0.1842189812,0.2510051074,0.2034265722,0.19549304,0.0967324879,0.0691238112
4836,?,P,AGREEMENT,NONIRONIC,92,OBJECTIVE,0.058616922,0.2702242314,0.0882908313,0.2775809878,0.2814350634,0.0238519641
3218,?,P,AGREEMENT,NONIRONIC,98,SUBJECTIVE,0.093944243,0.3045887212,0.0173378166,0.4664474738,0.0869437788,0.0307379667
1038,?,P,AGREEMENT,NONIRONIC,100,SUBJECTIVE,0.2612385943,0.1421353019,0.0708933802,0.3272834334,0.0655540414,0.1328952488
4998,?,NONE,AGREEMENT,NONIRONIC,100,OBJECTIVE,0.1000067615,0.2043961431,0.0598630281,0.3426577486,0.2368801071,0.0561962117
225,?,P,DISAGREEMENT,NONIRONIC,94,OBJECTIVE,0.1606285677,0.3233504039,0.0,0.2436044425,0.1691416452,0.1032749406
1511,?,P,AGREEMENT,NONIRONIC,100,SUBJECTIVE,0.1068404353,0.3268518447,0.0382567193,0.4020633904,0.0646160176,0.0613715927
1647,?,P,AGREEMENT,NONIRONIC,100,OBJECTIVE,0.1147942757,0.366841311,0.0212129242,0.3396901476,0.1024330508,0.0550282907
4003,?,P,AGREEMENT,NONIRONIC,100,SUBJECTIVE,0.1106132417,0.3134962435,0.1171163097,0.1350771865,0.1924942622,0.1312027564
3960,?,P,AGREEMENT,NONIRONIC,97,OBJECTIVE,0.1795850133,0.126139641,0.052819796,0.1006174794,0.3123438816,0.2284941888
5163,?,N,AGREEMENT,NONIRONIC,100,SUBJECTIVE,0.1378459697,0.3712896621,0.0,0.2307305851,0.1723039252,0.0878298579
1085,?,NONE,AGREEMENT,NONIRONIC,100,OBJECTIVE,0.1777792562,0.4116460884,0.0,0.189296455,0.1267817449,0.0944964555
5153,?,P,AGREEMENT,NONIRONIC,92,OBJECTIVE,0.1254292011,0.1342178606,0.0457765751,0.3719256188,0.116124842,0.2065259025
1325,?,P,DISAGREEMENT,NONIRONIC,91,SUBJECTIVE,0.1882981791,0.2284931205,0.0441706093,0.1564535264,0.1962699143,0.1863146505
169,?,NONE,AGREEMENT,NONIRONIC,100,OBJECTIVE,0.1447896063,0.2045076605,0.0,0.2264987892,0.2902640556,0.1339398884
4878,?,P,AGREEMENT,NONIRONIC,100,SUBJECTIVE,0.2207123496,0.1451668416,0.0351616384,0.09315083,0.2467568621,0.2590514783
3079,?,P,DISAGREEMENT,NONIRONIC,86,SUBJECTIVE,0.2144066673,0.3686740925,0.0212206858,0.2014663807,0.1273387822,0.0668933915
4340,?,NONE,AGREEMENT,NONIRONIC,100,OBJECTIVE,0.1124435042,0.5035280847,0.0090490326,0.2843424092,0.0642234089,0.0264135604
2124,?,P,AGREEMENT,NONIRONIC,100,OBJECTIVE,0.1366498803,0.3580907713,0.0684045795,0.1632216835,0.1878094142,0.0858236712
2154,?,NONE,AGREEMENT,NONIRONIC,100,OBJECTIVE,0.202661472,0.1427733784,0.0411654824,0.271060649,0.0824939494,0.2598450689
1628,?,NONE,AGREEMENT,NONIRONIC,100,OBJECTIVE,0.152220025,0.3243026928,0.0591345387,0.2072110099,0.1705318116,0.086599922
4588,?,P,DISAGREEMENT,NONIRONIC,94,SUBJECTIVE,0.1927335912,0.1551337204,0.0572143798,0.1000536883,0.2675592689,0.2273053513
497,?,P,AGREEMENT,NONIRONIC,100,SUBJECTIVE,0.2272411442,0.2189757813,0.0590816882,0.2220641031,0.1225753722,0.1500619111
4273,?,P,AGREEMENT,NONIRONIC,100,SUBJECTIVE,0.1737045831,0.1697463339,0.0402081158,0.2301953074,0.1970894427,0.1890562171
1889,?,P,AGREEMENT,NONIRONIC,100,SUBJECTIVE,0.103374359,0.1536399021,0.0,0.3478792003,0.1301101045,0.2649964341
3521,?,P,AGREEMENT,NONIRONIC,100,SUBJECTIVE,0.114053401,0.2847734975,0.0,0.2518327503,0.1720172364,0.1773231149
1355,?,P+,AGREEMENT,NONIRONIC,100,SUBJECTIVE,0.1379069,0.2689084954,0.0274235372,0.2568866169,0.1057787578,0.2030956926
3467,?,NONE,AGREEMENT,NONIRONIC,100,OBJECTIVE,0.1919586516,0.1391484001,0.0497160573,0.2812719729,0.0889732692,0.2489316488
1961,?,P,DISAGREEMENT,IRONIC,76,SUBJECTIVE,0.1585409129,0.1831030188,0.1456393534,0.2243710965,0.1674499825,0.120895636
1433,?,NEU,DISAGREEMENT,NONIRONIC,94,OBJECTIVE,0.1216140399,0.3086948447,0.0334274279,0.2402519603,0.1848803142,0.1111314129
2226,?,P,DISAGREEMENT,NONIRONIC,92,SUBJECTIVE,0.1411534624,0.367606141,0.0465198065,0.2738978083,0.1143709353,0.0564518465
4430,?,P,DISAGREEMENT,IRONIC,76,SUBJECTIVE,0.1419626461,0.2723267196,0.0537971355,0.2104302987,0.1999386129,0.1215445873
1949,?,NONE,AGREEMENT,NONIRONIC,100,OBJECTIVE,0.1551161442,0.4010534509,0.0645074975,0.1702131937,0.1475644261,0.0615452877
3292,?,NEU,DISAGREEMENT,NONIRONIC,91,SUBJECTIVE,0.3540052267,0.1233073049,0.0742172385,0.0967585973,0.1479260958,0.2037855368
3914,?,P,AGREEMENT,NONIRONIC,100,SUBJECTIVE,0.1402033937,0.2177211116,0.0867422857,0.1479299924,0.2243063262,0.1830968904
372,?,P,AGREEMENT,NONIRONIC,97,OBJECTIVE,0.0945687535,0.446302153,0.0324285055,0.2407593484,0.1287250302,0.0572162095
2331,?,NONE,AGREEMENT,NONIRONIC,100,OBJECTIVE,0.1235261347,0.4119207983,0.0474057324,0.2157928794,0.1557579804,0.0455964747
172,?,P,AGREEMENT,NONIRONIC,98,SUBJECTIVE,0.1141002225,0.3647115768,0.0191393601,0.3017329804,0.1205219828,0.0797938773
3947,?,NONE,AGREEMENT,NONIRONIC,100,OBJECTIVE,0.1704007881,0.2790226558,0.1090054039,0.1357391997,0.1338628932,0.1719690594
1317,?,P,DISAGREEMENT,NONIRONIC,94,SUBJECTIVE,0.203662127,0.1620587865,0.0557494911,0.1695497062,0.2001864651,0.208793424
3403,?,P,AGREEMENT,NONIRONIC,100,SUBJECTIVE,0.1218402347,0.2379329751,0.0413539999,0.273328172,0.1642062964,0.1613383219
1807,?,P,DISAGREEMENT,NONIRONIC,86,OBJECTIVE,0.1771705354,0.3270838269,0.0374553943,0.2113476193,0.1260147606,0.1209278635
3806,?,NONE,AGREEMENT,NONIRONIC,100,OBJECTIVE,0.1230918927,0.2238937214,0.0429718197,0.1244085625,0.3796874552,0.1059465485
2441,?,N,DISAGREEMENT,NONIRONIC,86,SUBJECTIVE,0.1181298021,0.0828605669,0.0676436122,0.0692121593,0.4692210495,0.1929328101
3318,?,P,AGREEMENT,NONIRONIC,100,SUBJECTIVE,0.1789026898,0.2404141412,0.062047889,0.2549736044,0.1584986693,0.1051630064
4941,?,P,DISAGREEMENT,NONIRONIC,86,SUBJECTIVE,0.1250458477,0.6031591561,0.0301044402,0.1655915831,0.0644658122,0.0116331607
2837,?,P,AGREEMENT,NONIRONIC,100,SUBJECTIVE,0.0875786487,0.3412175969,0.039492614,0.3181603058,0.1454315658,0.0681192689
3530,?,NEU,DISAGREEMENT,NONIRONIC,94,SUBJECTIVE,0.120007674,0.2361885894,0.0,0.2291965233,0.2712863042,0.143320909
754,?,P,AGREEMENT,NONIRONIC,100,OBJECTIVE,0.120286187,0.4809024573,0.0607418899,0.1802311733,0.1016118476,0.0562264449
5133,?,P,DISAGREEMENT,NONIRONIC,94,SUBJECTIVE,0.2364226203,0.1058749965,0.0319866636,0.1669250509,0.1855898394,0.2732008293
4903,?,P,AGREEMENT,NONIRONIC,100,SUBJECTIVE,0.2011022301,0.1527916939,0.0599990394,0.2209948217,0.1568968733,0.2082153417
931,?,P,AGREEMENT,NONIRONIC,92,OBJECTIVE,0.1735648478,0.2207229968,0.0237668841,0.1461587117,0.2683746373,0.1674119224
783,?,P,AGREEMENT,NONIRONIC,100,SUBJECTIVE,0.141239901,0.0489038636,0.0319277832,0.061738167,0.5276423095,0.1885479756
1760,?,P,DISAGREEMENT,NONIRONIC,92,SUBJECTIVE,0.0736939272,0.4004319561,0.0206793769,0.0992817179,0.3664487267,0.0394642952
1326,?,NONE,AGREEMENT,NONIRONIC,100,OBJECTIVE,0.2406395029,0.065913362,0.0786292623,0.0432263393,0.3280354451,0.2435560885
2168,?,P,AGREEMENT,NONIRONIC,100,OBJECTIVE,0.1051070888,0.4123189317,0.0281492661,0.303950063,0.1036865463,0.0467881043
2500,?,NONE,AGREEMENT,NONIRONIC,100,OBJECTIVE,0.1577009441,0.2063944106,0.064790989,0.2640721324,0.2534908221,0.0535507018
4257,?,P,AGREEMENT,NONIRONIC,100,OBJECTIVE,0.0634912789,0.3617248588,0.0197538191,0.3716056427,0.1244128885,0.0590115121
1379,?,P,DISAGREEMENT,IRONIC,76,SUBJECTIVE,0.1554629828,0.3422363563,0.0,0.3219146096,0.1191702285,0.0612158227
5045,?,N,DISAGREEMENT,NONIRONIC,94,SUBJECTIVE,0.1941906566,0.2354146876,0.12649541,0.1561178953,0.1534703088,0.1343110417
2636,?,P,AGREEMENT,NONIRONIC,100,OBJECTIVE,0.2015135634,0.3605094837,0.0251577951,0.2576855541,0.0818714549,0.0732621487
3664,?,NEU,DISAGREEMENT,NONIRONIC,91,OBJECTIVE,0.1964356656,0.3189821614,0.0649318361,0.2001534411,0.0925489249,0.1269479709
2696,?,P,DISAGREEMENT,NONIRONIC,86,SUBJECTIVE,0.162087126,0.2141028893,0.0686321747,0.2288033318,0.218169114,0.1082053642
2543,?,P,AGREEMENT,NONIRONIC,97,SUBJECTIVE,0.1162829864,0.2087271544,0.0,0.2754998535,0.2400789353,0.1594110704
1406,?,P,AGREEMENT,NONIRONIC,100,OBJECTIVE,0.1307628811,0.3860090031,0.0440683876,0.2332889022,0.1382371568,0.067633669
997,?,P,AGREEMENT,NONIRONIC,100,SUBJECTIVE,0.1274928379,0.3790393604,0.0532281926,0.2201159689,0.1586591116,0.0614645286
3039,?,P,AGREEMENT,NONIRONIC,100,SUBJECTIVE,0.1445654656,0.401754247,0.0,0.2888657325,0.1028761309,0.0619384241
135,?,P,DISAGREEMENT,NONIRONIC,92,SUBJECTIVE,0.1155003532,0.4326949235,0.029180534,0.2894435621,0.1091250441,0.0240555829
4791,?,P,AGREEMENT,NONIRONIC,97,SUBJECTIVE,0.2227555605,0.3308843761,0.0278063872,0.2030907499,0.1436311253,0.0718318011
2746,?,P,DISAGREEMENT,NONIRONIC,83,SUBJECTIVE,0.134379237,0.3245384463,0.0413705807,0.2400486296,0.140749189,0.1189139174
2749,?,P,DISAGREEMENT,NONIRONIC,91,SUBJECTIVE,0.1070771203,0.3002116235,0.0275548819,0.4286417498,0.0812077613,0.0553068632
4022,?,NONE,AGREEMENT,NONIRONIC,100,OBJECTIVE,0.1962398678,0.1518095462,0.0400081258,0.2742741993,0.0773507659,0.260317495
12,?,N+,AGREEMENT,IRONIC,90,SUBJECTIVE,0.1452391919,0.2256922236,0.0902241003,0.1621990909,0.1330628537,0.2435825396
2748,?,P,DISAGREEMENT,NONIRONIC,86,SUBJECTIVE,0.0926744926,0.3983322211,0.0258091616,0.2822268113,0.1701117502,0.0308455633
3272,?,P,AGREEMENT,NONIRONIC,100,SUBJECTIVE,0.1555000502,0.3493746,0.1084628753,0.1829734818,0.099060465,0.1046285276
4736,?,NONE,AGREEMENT,NONIRONIC,100,OBJECTIVE,0.0976304352,0.2034050995,0.0,0.4975640144,0.1281697674,0.0732306834
417,?,P,AGREEMENT,NONIRONIC,100,SUBJECTIVE,0.1226825603,0.2638821123,0.0417546746,0.2856187035,0.1954574656,0.0906044838
2374,?,P,DISAGREEMENT,NONIRONIC,94,SUBJECTIVE,0.2850611489,0.180106613,0.0572607602,0.251902523,0.0863730793,0.1392958755
2709,?,P,DISAGREEMENT,NONIRONIC,94,SUBJECTIVE,0.2404209174,0.2344872105,0.0343610491,0.1280487783,0.173692226,0.1889898185
2825,?,N,DISAGREEMENT,NONIRONIC,94,SUBJECTIVE,0.1933714146,0.1769037626,0.0382194983,0.2038057833,0.2444755605,0.1432239806
3490,?,P,AGREEMENT,NONIRONIC,100,SUBJECTIVE,0.1727549569,0.2157046899,0.0417031379,0.1524647024,0.2615271842,0.1558453288
4810,?,P,AGREEMENT,NONIRONIC,100,OBJECTIVE,0.1198026193,0.3551924402,0.0289634564,0.2541367599,0.173298256,0.0686064681
770,?,P,AGREEMENT,NONIRONIC,100,SUBJECTIVE,0.1392858095,0.2446161773,0.0307942768,0.404657269,0.1104742628,0.0701722046
472,?,P,AGREEMENT,NONIRONIC,100,SUBJECTIVE,0.1294821256,0.1585905638,0.0639104658,0.2531763107,0.21419547,0.1806450641
4734,?,P,DISAGREEMENT,NONIRONIC,86,SUBJECTIVE,0.1077415675,0.3322427794,0.0974462391,0.2843855567,0.120633636,0.0575502213
4533,?,P,DISAGREEMENT,NONIRONIC,86,SUBJECTIVE,0.0972374043,0.4512164399,0.0567558666,0.2150557527,0.140807561,0.0389269755
2915,?,N,AGREEMENT,NONIRONIC,100,OBJECTIVE,0.126806791,0.1582661736,0.0633281692,0.1328724829,0.4010332416,0.1176931417
624,?,P,AGREEMENT,NONIRONIC,100,SUBJECTIVE,0.1180674136,0.4049747794,0.0290023138,0.284202167,0.1282677642,0.035485562
3703,?,P,DISAGREEMENT,IRONIC,84,SUBJECTIVE,0.2260576769,0.3718722614,0.0,0.1666233359,0.1143932405,0.1210534853
1179,?,P,DISAGREEMENT,NONIRONIC,92,SUBJECTIVE,0.1544394773,0.3564272729,0.0,0.3793752741,0.0482063326,0.0615516432
3197,?,N,DISAGREEMENT,NONIRONIC,94,SUBJECTIVE,0.2792467292,0.1666656826,0.0319264473,0.2043145802,0.1770184595,0.1408281013
2088,?,P,DISAGREEMENT,NONIRONIC,86,SUBJECTIVE,0.1474591426,0.2826165082,0.0533543179,0.3491601232,0.1256391309,0.0417707772
166,?,P,AGREEMENT,NONIRONIC,100,SUBJECTIVE,0.1926179392,0.2220779507,0.0347142035,0.396373045,0.0646241387,0.089592723
2335,?,P,DISAGREEMENT,NONIRONIC,94,SUBJECTIVE,0.1078984351,0.3359552955,0.020216317,0.3020504777,0.1500776294,0.0838018453
1596,?,NONE,AGREEMENT,NONIRONIC,100,OBJECTIVE,0.1446818391,0.349403119,0.0433982223,0.2875404936,0.1255612403,0.0494150857
880,?,P,AGREEMENT,NONIRONIC,100,SUBJECTIVE,0.2840516309,0.2215978125,0.042730218,0.1633081303,0.114392464,0.1739197442
3657,?,P,DISAGREEMENT,NONIRONIC,86,SUBJECTIVE,0.1066698275,0.3158488735,0.0275221776,0.3854477222,0.1065606276,0.0579507717
3720,?,P,AGREEMENT,NONIRONIC,100,SUBJECTIVE,0.2403701147,0.1748928611,0.0750177929,0.182594638,0.1365297635,0.1905948299
991,?,P,DISAGREEMENT,NONIRONIC,94,SUBJECTIVE,0.1388892581,0.0662008957,0.0252538409,0.1024348751,0.4059053885,0.2613157416
4206,?,NEU,DISAGREEMENT,NONIRONIC,86,SUBJECTIVE,0.1370647175,0.226027067,0.0416676944,0.1940336361,0.3022158105,0.0989910746
2674,?,NEU,DISAGREEMENT,NONIRONIC,91,SUBJECTIVE,0.1558488525,0.1593787306,0.2433700886,0.0924828977,0.2007738887,0.1481455419
2570,?,N+,AGREEMENT,NONIRONIC,100,OBJECTIVE,0.1353052603,0.1219291864,0.0409805251,0.0873172156,0.3527254502,0.2617423625
4934,?,P,DISAGREEMENT,NONIRONIC,86,SUBJECTIVE,0.1886627682,0.3037237888,0.0,0.2966323473,0.1304837643,0.0804973315
3187,?,P,AGREEMENT,NONIRONIC,97,SUBJECTIVE,0.2190178914,0.2027525971,0.1084027204,0.1711798223,0.1466244776,0.1520224912
3030,?,NONE,AGREEMENT,NONIRONIC,100,OBJECTIVE,0.2528228931,0.0911370993,0.0761984885,0.0531666147,0.2689566176,0.2577182869
722,?,P,AGREEMENT,NONIRONIC,100,OBJECTIVE,0.2213092361,0.1417948122,0.0,0.2646866723,0.2176249221,0.1545843573
3752,?,P,AGREEMENT,NONIRONIC,100,SUBJECTIVE,0.1456151339,0.0539211649,0.0448530602,0.2555898426,0.1685678194,0.331452979
200,?,P,AGREEMENT,NONIRONIC,97,SUBJECTIVE,0.1753009297,0.3809586831,0.0546304975,0.1309692358,0.150956193,0.1071844611
2867,?,NONE,AGREEMENT,NONIRONIC,100,OBJECTIVE,0.1211007614,0.4526490746,0.0193987149,0.29925201,0.0831292611,0.024470178
3514,?,P,AGREEMENT,NONIRONIC,97,OBJECTIVE,0.1341626758,0.3943620914,0.0449383956,0.1635723719,0.193703355,0.0692611103
4338,?,P,AGREEMENT,NONIRONIC,98,SUBJECTIVE,0.1117220911,0.3020539779,0.0562482301,0.1974550499,0.2634707358,0.0690499152
592,?,P,AGREEMENT,NONIRONIC,100,SUBJECTIVE,0.2153613561,0.1275499467,0.0454000239,0.1203239636,0.2411744561,0.2501902536
2135,?,P,DISAGREEMENT,NONIRONIC,86,SUBJECTIVE,0.1785409197,0.1593959942,0.0272454363,0.1419785781,0.258555582,0.2342834897
2827,?,N,DISAGREEMENT,NONIRONIC,94,OBJECTIVE,0.0908999078,0.3707576516,0.0222810475,0.3618074366,0.1067126387,0.0475413178
